1721
2215
3961
2235
4284
2871
3724
4352
1920
362
4316
1416
3767
4741
4125
4062
1507
1744
3801
4792
4046
3066
2262
3792
408
551
2992
2275
1938
655
1426
3703
2807
337
389
4150
1318
1271
4651
4726
2719
2055
1636
3363
1899
3139
1409
4465
4362
391
4572
218
4410
1589
1826
2850
1282
3887
798
2061
2996
1627
515
4721
4866
4518
2307
4546
542
580
3401
3168
1697
3340
302
1511
3827
3033
1302
3147
1516
28
2638
376
2187
3499
840
1100
1863
32
4486
1670
2577
1935
4942
4413
2423
1769
4203
922
3580
182
1965
2679
4368
4911
4158
3983
3099
426
3516
3611
3854
3047
2824
566
3821
3660
1557
1001
838
3102
4780
1917
2970
3201
470
2119
3214
2296
1635
4264
2320
4090
4387
544
915
4289
3872
1002
876
1061
2584
2395
2852
279
3708
256
1863
4030
1481
1577
4925
430
2855
900
1144
2891
4358
2535
2740
4901
438
1371
4078
416
4427
1914
3652
415
3726
4965
3307
2023
4345
4445
2645
2454
2339
1550
148
3222
1672
2229
127
708
3764
2659
3441
2127
3503
4922
4855
2431
1137
259
4597
4902
3790
4510
3194
1212
4213
3105
2673
3709
4100
474
3681
3091
3247
1965
2553
4352
6
1423
1633
4620
961
4073
4616
751
472
4336
2217
1579
2009
416
3218
2715
526
4351
1604
3879
1268
4189
2798
2140
2585
3389
4719
40
2405
3227
1919
258
1470
2051
3711
4489
4670
4931
937
2490
2486
4779
4151
557
1590
4751
1057
4576
4646
214
1333
1306
1934
2453
1720
3825
3302
1775
4255
4943
495
3657
971
1696
3056
2434
298
844
4758
525
1926
4963
3164
594
4525
703
1146
3991
2732
967
2501
1148
663
4403
870
3345
3792
2878
419
2695
813
1707
4557
4759
2354
4985
1119
2992
129
2781
372
1253
4383
3286
2800
984
4084
2834
1955
3113
1054
2268
4720
2759
4188
1609
1376
1064
904
682
3357
4699
4980
3488
4614
4750
2488
3884
1220
3603
4443
188
2557
2418
4953
3275
2425
489
363
4207
3169
144
1658
2016
88
2076
2902
4249
3607
4214
2348
1992
4838
324
1081
2950
462
2336
1135
753
1018
2874
199
305
252
349
1542
720
905
4095
3724
1181
837
4142
4735
1082
2236
4038
534
2921
3642
3568
3655
3075
4422
1338
1536
4669
1737
3728
1260
412
2206
4425
1481
4263
3558
4209
3830
2410
248
1525
3019
2585
1003
3973
2846
4202
3688
2891
4720
2444
4458
1514
1876
4664
3801
2207
2293
2060
4785
4798
871
2072
2426
25
417
1261
2710
2143
138
3031
1836
3551
1255
527
4732
2873
1277
3678
361
2139
1045
2730
3445
118
692
3322
2736
3742
4425
977
348
2341
1998
3113
2271
1692
3419
3710
2945
3368
853
2850
568
3692
2421
191
1823
1826
3794
1354
676
2844
1421
3668
347
1065
4674
959
1177
1776
1282
4321
3133
324
1464
1706
4730
25
3891
4301
3263
1991
2686
261
4788
1260
3454
3905
1092
2331
3559
869
717
1001
4664
2590
4062
2769
505
1676
2602
2938
207
3825
3765
4550
3198
4278
1286
3497
1336
818
4177
1965
2620
2277
469
1959
4216
450
3390
2649
725
4886
2654
3888
3886
2694
1725
2771
891
3553
2672
586
934
3671
827
1159
2936
4300
2149
1493
2085
4912
4530
2441
39
141
3675
1768
4921
3593
4848
2186
3231
4664
185
4010
2917
252
1761
4085
3390
3839
896
1712
3755
2546
2888
4563
1234
4566
476
534
671
3647
1633
4390
346
2365
3557
821
4305
4896
1943
4893
2335
2342
1588
4305
2272
1127
2891
4157
797
642
4066
637
213
4744
2284
905
2964
948
3572
3723
3037
1628
2463
1238
4761
3310
1663
3366
4675
1959
744
3891
4203
1399
2881
2282
935
3640
4039
2948
321
4626
3469
2895
1893
3887
2932
3081
4401
2825
1903
3118
2430
113
1917
3379
4387
2623
575
4462
1106
3800
4384
3727
498
4382
514
2184
2559
1434
3269
3585
3385
4265
1661
1515
4213
1680
2531
3576
2444
2034
646
1864
2284
2904
757
1094
2058
3409
2142
4529
3252
2371
2187
4201
3770
4413
1097
1771
1403
294
1477
3733
2955
2774
3858
3381
4551
1046
4622
4853
2828
2854
3173
2238
695
4211
1038
502
1107
4273
2090
2916
3252
3848
668
4720
2950
1125
3214
321
4248
1786
2903
2367
2414
163
4590
791
3582
432
1022
4291
483
6
4300
4729
2901
1009
394
1682
2972
2923
2943
1847
2797
4049
2021
2778
4496
3891
1806
1814
720
1408
3402
4656
4090
3408
3886
4650
3357
1154
1808
447
1559
1915
1873
4953
3358
4883
3048
976
2957
433
3207
2386
1123
2327
2588
4534
2642
1919
1267
2006
1484
2555
2040
1643
736
2441
4700
3754
3428
964
3898
2988
969
2428
2167
1637
2857
2842
119
3373
2973
1854
2432
4035
4377
3640
4628
4164
258
1932
3612
1713
1257
4494
3369
4739
1917
764
153
2074
1173
3870
1132
1555
2546
4677
3623
3475
2508
4746
1335
4233
3618
3420
3145
338
2025
3735
2943
3214
4055
4799
964
1189
1382
302
2216
1906
3796
4492
2262
2482
2304
1237
2718
2081
1543
4072
3322
4526
4260
2583
1389
2148
2028
499
4637
4156
4652
3634
2288
1572
2540
3687
4870
2753
4388
4322
1960
3477
245
3913
2762
962
2885
1387
4234
2150
3458
2942
3083
2013
2744
1302
4038
1786
3059
3042
1720
403
4952
3557
4359
1213
623
1331
3616
1477
4915
920
3416
3661
4130
673
252
3126
1843
2914
1216
4424
4728
1634
4227
4952
3125
1230
1467
2459
520
3262
3728
1089
86
770
2648
4108
4699
4266
2763
4842
4327
1421
2771
4756
1945
2856
430
3282
3537
1766
1228
936
1494
4380
1018
190
3045
2954
3839
3027
4602
4697
2734
1470
3976
4521
4889
189
1061
2634
2478
4811
